以下是衣服类目:
 345521
 346091
 346154
 346157
 346244
 347026
 347863
 348925
 349050
 349077
 349122
 349146
 349445
 349535
 349555
 350007
 350193
 350327
 350479
 350599
 350779
 350787
 350922
 350936
 350937
 351108
 351115
 351209
 351793
 352171
 352284
 352299
 352300
 353253
 353283
 353795
 353935
 353991
 354532
 354626
 354821
 354830
 354950
 355175
 355612
 355613
 355802
 355944
 356062
 356068
 356073
 356107
 356138
 356708
 356822
 357076
 357254

以下是鞋子
 345539
 346127
 346225
 347877
 348264
 348495
 348701
 348867
 348904
 348944
 349030
 349100
 349101
 349126
 349153
 349536
 349655
 349717
 350071
 350079
 350120
 350317
 350367
 350375
 350702
 350724
 350877
 350955
 351454
 351862
 352480
 353000
 353189
 353197
 353336
 353896
 354015
 354016
 354331
 354604
 354624
 354625
 354785
 355023
 355057
 355132
 355512
 355552
 355565
 355579
 357065

包包类目
 343382
 344478
 345530
 345577
 345816
 345856
 345991
 347767
 348547
 348679
 348931
 349415
 350748
 350758
 350897
 352810
 353099
 353404
 353992
 354007
 354247
 355210

配饰类目:
 342547
 342961
 343176
 345512
 345568
 345673
 345886
 349344
 349558
 349715
 349776
 349805
 349958
 350276
 351064
 352542
 352781
 352837
 354079
 354537
 355485
 355487
 355905
 355906
 356936
 356962
 357033
 357055
 357471